Final best distance: 7849.395176892105
Final best route: [0, 48, 31, 44, 18, 40, 7, 8, 9, 42, 32, 50, 11, 10, 51, 13, 12, 26, 27, 25, 46, 28, 15, 45, 24, 3, 5, 14, 4, 23, 47, 37, 36, 39, 38, 35, 34, 33, 43, 49, 19, 22, 29, 1, 6, 41, 20, 16, 2, 17, 30, 21]

Final best distance: 7782.079086184656
Final best route: [26, 12, 13, 51, 10, 50, 32, 42, 9, 8, 7, 40, 18, 44, 31, 48, 0, 21, 17, 2, 16, 6, 1, 41, 20, 30, 22, 29, 19, 49, 28, 15, 45, 43, 33, 34, 35, 38, 39, 36, 37, 47, 23, 4, 14, 5, 3, 24, 11, 27, 25, 46]

Final best distance: 7923.085599622838
Final best route: [47, 36, 33, 34, 35, 38, 39, 37, 4, 14, 42, 32, 9, 8, 7, 40, 18, 44, 31, 48, 0, 21, 30, 17, 2, 16, 20, 41, 6, 1, 29, 22, 19, 49, 28, 15, 43, 45, 24, 27, 26, 25, 46, 12, 13, 51, 10, 50, 11, 3, 5, 23]

Final best distance: 7711.84336083073
Final best route: [38, 35, 48, 31, 44, 18, 40, 7, 8, 9, 42, 32, 50, 10, 51, 13, 12, 46, 25, 26, 27, 11, 24, 3, 5, 14, 4, 23, 47, 37, 39, 36, 45, 43, 15, 28, 49, 19, 22, 29, 1, 6, 41, 20, 16, 2, 17, 30, 21, 0, 34, 33]

Final best distance: 7834.0579199908425
Final best route: [3, 24, 11, 27, 25, 46, 26, 12, 13, 51, 10, 50, 32, 42, 9, 8, 7, 40, 18, 44, 2, 16, 20, 41, 6, 1, 29, 28, 15, 49, 19, 22, 30, 17, 21, 0, 31, 48, 38, 35, 34, 33, 43, 45, 47, 23, 36, 39, 37, 4, 14, 5]

Final best distance: 7782.079086184656
Final best route: [26, 12, 13, 51, 10, 50, 32, 42, 9, 8, 7, 40, 18, 44, 31, 48, 0, 21, 17, 2, 16, 6, 1, 41, 20, 30, 22, 29, 19, 49, 28, 15, 45, 43, 33, 34, 35, 38, 39, 36, 37, 47, 23, 4, 14, 5, 3, 24, 11, 27, 25, 46]

Final best distance: 7923.085599622838
Final best route: [47, 36, 33, 34, 35, 38, 39, 37, 4, 14, 42, 32, 9, 8, 7, 40, 18, 44, 31, 48, 0, 21, 30, 17, 2, 16, 20, 41, 6, 1, 29, 22, 19, 49, 28, 15, 43, 45, 24, 27, 26, 25, 46, 12, 13, 51, 10, 50, 11, 3, 5, 23]

Final best distance: 7962.211875692373
Final best route: [35, 33, 34, 48, 31, 21, 0, 43, 45, 15, 28, 49, 19, 22, 29, 1, 6, 41, 16, 20, 30, 17, 2, 44, 18, 40, 7, 8, 9, 42, 32, 50, 11, 10, 51, 13, 12, 46, 25, 26, 27, 24, 3, 5, 14, 4, 23, 47, 37, 36, 39, 38]

Final best distance: 7669.619657257463
Final best route: [4, 14, 5, 3, 24, 11, 27, 26, 25, 46, 12, 13, 51, 10, 50, 32, 42, 9, 8, 7, 40, 18, 44, 31, 48, 0, 21, 30, 17, 2, 16, 6, 1, 41, 20, 22, 19, 49, 29, 28, 15, 45, 43, 33, 34, 35, 38, 39, 36, 37, 47, 23]

Final best distance: 7813.054555570426
Final best route: [36, 43, 0, 48, 34, 33, 35, 38, 39, 37, 47, 23, 4, 14, 5, 3, 24, 11, 27, 26, 25, 46, 12, 13, 51, 10, 50, 32, 42, 9, 8, 7, 40, 18, 44, 31, 21, 30, 17, 2, 16, 20, 41, 6, 1, 29, 22, 19, 49, 28, 15, 45]

Final best distance: 7679.152496997889
Final best route: [7, 8, 9, 42, 32, 50, 10, 51, 13, 12, 46, 25, 26, 27, 11, 24, 3, 5, 14, 4, 23, 47, 37, 36, 39, 38, 35, 34, 33, 43, 45, 15, 49, 19, 28, 29, 22, 20, 41, 1, 6, 16, 2, 17, 30, 21, 0, 48, 31, 44, 18, 40]
Final best distance: 7707.2918867076
Final best route: [51, 10, 50, 32, 42, 9, 8, 7, 40, 18, 44, 31, 48, 0, 21, 17, 2, 16, 6, 1, 41, 20, 30, 22, 29, 19, 49, 28, 15, 45, 43, 33, 34, 35, 38, 39, 36, 37, 47, 23, 4, 14, 5, 3, 24, 11, 27, 26, 25, 46, 12, 13]

Final best distance: 7930.837966800928
Final best route: [47, 23, 4, 14, 42, 32, 9, 8, 7, 40, 18, 44, 31, 48, 35, 34, 33, 38, 39, 37, 36, 45, 43, 0, 21, 30, 17, 2, 16, 20, 41, 6, 1, 29, 22, 19, 49, 15, 28, 46, 25, 27, 26, 12, 13, 51, 10, 50, 11, 24, 3, 5]

Final best distance: 8030.706815371584
Final best route: [14, 5, 3, 24, 11, 27, 26, 25, 46, 12, 13, 51, 10, 50, 32, 42, 44, 18, 9, 8, 7, 40, 2, 16, 20, 41, 6, 1, 29, 28, 15, 49, 19, 22, 30, 17, 21, 0, 31, 48, 43, 45, 36, 33, 34, 35, 38, 39, 37, 47, 23, 4]

